1.1
(a)


Dn =

    52
    84
   139
   187
   205
   255
   302
   320
   348
   402
   451
   527
   549
(2) with 2 server

Dn =

    52
    63
   118
   143
   136
   204
   245
   239
   332
   400
   451
   527
   549

Severing By Server
iSer =  1
iSer =  2
iSer =  1
iSer =  2
iSer =  1
iSer =  1
iSer =  2
iSer =  1
iSer =  1
iSer =  2
iSer =  1
iSer =  2
iSer =  1

(3) Sever the one waiting the least time
An= [12,31,63,95,99,154,198,221,304,346,411,455,537];
Sn= [40,32,55,48,18,50,47,18,28,54,40,72,12];

Dn =

    52
    84
   139
   320
   157
   207
   254
   272
   348
   402
   451
   527
   549




